  +0.000   +0.000   +0.000   +0.000   +0.000   +0.000   +0.000   +0.000   +0.000   +0.000   +0.000   +0.000   +0.000   +0.000   +0.000   +0.000   +0.000   +0.000   +0.000   +0.000   +0.000   +0.000   +0.000   +0.000
  +0.000   +0.000   +0.000   +0.000   +0.000   +0.000   +0.000   +0.000   +0.000   +0.000   +0.000   +0.000   +0.000   +0.000   +0.000   +0.000   +0.000   +0.000   +0.000   +0.000   +0.000   +0.000   +0.000   +0.000
  +0.000   +0.000   +0.000   +0.000   +0.000   +0.000   +0.000   +0.000   +0.000   +0.000   +0.000   +0.000   +0.000   +0.000   +0.000   +0.000   +0.000   +0.000   +0.000   +0.000   +0.000   +0.000   +0.000   +0.000
  +0.000   +0.000   +0.000   +0.000   +0.000   +0.000   +0.000   +0.000   +0.000   +0.000   +0.000   +0.000   +0.000   +0.000   +0.000   +0.000   +0.000   +0.000   +0.000   +0.000   +0.000   +0.000   +0.000   +0.000
  +0.000   +0.000   +0.000   +0.000   +0.000   +0.000   +0.000   +0.000   +0.000   +0.000   +0.000   +0.000   +0.000   +0.000   +0.000   +0.000   +0.000   +0.000   +0.000   +0.000   +0.000   +0.000   +0.000   +0.000
  +0.000   +0.000   +0.000   +0.000   +0.000   +0.000   +0.000   +0.000   +0.000   +0.000   +0.000   +0.000   +0.000   +0.000   +0.000   +0.000   +0.000   +0.000   +0.000   +0.000   +0.000   +0.000   +0.000   +0.000
  +0.000   +0.000   +0.000   +0.000   +0.000   +0.000   +0.000   +0.000   +0.000   +0.000   +0.000   +0.000   +0.000   +0.000   +0.000   +0.000   +0.000   +0.000   +0.000   +0.000   +0.000   +0.000   +0.000   +0.000
  +0.000   +0.000   +0.000   +0.000   +0.000   +0.000   +0.000   +0.000   +0.000   +0.000   +0.000   +0.000   +0.000   +0.000   +0.000   +0.000   +0.000   +0.000   +0.000   +0.000   +0.000   +0.000   +0.000   +0.000
  +0.000   +0.000   +0.000   +0.000   +0.000   +0.000   +0.000   +0.000   +0.000   +0.000   +0.000   +0.000   +0.000   +0.000   +0.000   +0.000   +0.000   +0.000   +0.000   +0.000   +0.000   +0.000   +0.000   +0.000
  +0.000   +0.000   +0.000   +0.000   +0.000   +0.000   +0.000   +0.000   +0.000   +0.000   +0.000   +0.000   +0.000   +0.000   +0.000   +0.000   +0.000   +0.000   +0.000   +0.000   +0.000   +0.000   +0.000   +0.000
  +0.000   +0.000   +0.000   +0.000   +0.000   +0.000   +0.000   +0.000   +0.000   +0.000   +0.000   +0.000   +0.000   +0.000   +0.000   +0.000   -0.000   +0.000   +0.000   +0.000   +0.000   +0.000   +0.000   +0.000
  +0.000   +0.000   +0.000   +0.000   +0.000   +0.000   +0.000   +0.000   +0.000   +0.000   +0.000   +0.000   +0.000   +0.000   +0.000   +0.000   +0.000   +0.000   +0.000   +0.000   +0.000   +0.000   +0.000   +0.000
  +0.000   +0.000   +0.000   +0.000   +0.000   +0.000   -0.307   -0.307   -0.307   -0.307   -0.307   +0.000   +0.000   +0.000   +0.000   +0.000   +0.000   +0.000   +0.000   +0.000   +0.000   +0.000   +0.000   +0.000
  +0.000   +0.000   +0.000   +0.000   +0.000   +0.000   -0.307   -0.307   -0.307   -0.307   -0.307   +0.000   +0.000   +0.000   +0.000   +0.000   +0.000   +0.000   +0.000   +0.000   +0.000   +0.000   +0.000   +0.000
  +0.000   +0.000   +0.000   +0.000   +0.000   +0.000   -0.307   -0.307   -0.307   -0.307   -0.307   +0.000   +0.000   +0.000   +0.000   +0.000   +0.000   +0.000   +0.000   +0.000   +0.000   +0.000   +0.000   +0.000
  +0.000   +0.000   +0.000   +0.000   +0.000   +0.000   -0.307   -0.307   -0.307   -0.307   -0.307   +0.000   +0.000   +0.000   +0.000   +0.000   +0.000   +0.000   +0.000   +0.000   +0.000   +0.000   +0.000   +0.000
  +0.000   +0.000   +0.000   +0.000   +0.000   +0.000   +0.000   +0.000   +0.000   +0.000   +0.000   +0.000   +0.000   +0.000   +0.000   +0.000   +0.000   +0.000   +0.000   +0.000   +0.000   +0.000   +0.000   +0.000
  +0.000   +0.000   +0.000   +0.000   +0.000   +0.000   +0.000   +0.000   +0.000   +0.000   +0.000   +0.000   +0.000   +0.000   +0.000   +0.000   +0.000   +0.000   +0.000   +0.000   +0.000   +0.000   +0.000   +0.000
  +0.000   +0.000   +0.000   +0.000   +0.000   +0.000   +0.000   +0.000   +0.000   +0.000   +0.000   +0.000   +0.000   +0.000   +0.000   +0.000   +0.000   +0.000   +0.000   +0.000   +0.000   +0.000   +0.000   +0.000
  +0.000   +0.000   +0.000   +0.000   +0.000   +0.000   +0.000   +0.000   +0.000   +0.000   +0.000   +0.000   +0.000   +0.000   +0.000   +0.000   +0.000   +0.000   +0.000   +0.000   +0.000   +0.000   +0.000   +0.000
  +0.000   +0.000   +0.000   +0.000   +0.000   +0.000   +0.000   +0.000   +0.000   +0.000   +0.000   +0.000   +0.000   +0.000   +0.000   +0.000   +0.000   +0.000   +0.000   +0.000   +0.000   +0.000   +0.000   +0.000
  +0.000   +0.000   +0.000   +0.000   +0.000   +0.000   +0.000   +0.000   +0.000   +0.000   +0.000   +0.000   +0.000   +0.000   +0.000   +0.000   +0.000   +0.000   +0.000   +0.000   +0.000   +0.000   +0.000   +0.000
  +0.000   +0.000   +0.000   +0.000   +0.000   +0.000   +0.000   +0.000   +0.000   +0.000   +0.000   +0.000   +0.000   +0.000   +0.000   +0.000   +0.000   +0.000   +0.000   +0.000   +0.000   +0.000   +0.000   +0.000
  +0.000   +0.000   +0.000   +0.000   +0.000   +0.000   +0.000   +0.000   +0.000   +0.000   +0.000   +0.000   +0.000   +0.000   +0.000   +0.000   +0.000   +0.000   +0.000   +0.000   +0.000   +0.000   +0.000   +0.000
