  +0.000   -0.619   -0.619   -0.619   +0.000   +0.000   +0.000   -0.000   +0.000   +0.000   +0.000   +0.000   +0.000   +0.000   +0.000   +0.000   +0.000   +0.000   +0.000   +0.000   +0.000   +0.000   +0.000   +0.000
  +0.000   +0.000   -0.619   -0.619   -0.619   +0.000   +0.000   -0.000   +0.000   +0.000   +0.000   +0.000   +0.000   +0.000   +0.000   +0.000   +0.000   +0.000   +0.000   +0.000   +0.000   +0.000   +0.000   +0.000
  +0.000   +0.000   +0.000   -0.619   -0.619   -0.619   +0.000   +0.000   +0.000   +0.000   +0.000   +0.000   +0.000   +0.000   +0.000   +0.000   +0.000   +0.000   +0.000   +0.000   +0.000   +0.000   +0.000   +0.000
  +0.000   +0.000   +0.000   +0.000   -0.619   -0.619   -0.619   +0.000   +0.000   +0.000   +0.000   +0.000   +0.000   +0.000   +0.000   +0.000   +0.000   +0.000   +0.000   +0.000   +0.000   +0.000   +0.000   +0.000
  +0.000   +0.000   +0.000   +0.000   +0.000   +0.000   +0.000   +0.000   +0.000   +0.000   +0.000   +0.000   +0.000   +0.000   +0.000   +0.000   +0.000   +0.000   +0.000   +0.000   +0.000   +0.000   +0.000   +0.000
  +0.000   +0.000   +0.000   +0.000   +0.000   +0.000   +0.000   +0.000   +0.000   +0.000   +0.000   +0.000   +0.000   +0.000   +0.000   +0.000   +0.000   +0.000   +0.000   +0.000   +0.000   +0.000   +0.000   +0.000
  +0.000   +0.000   +0.000   +0.000   +0.000   +0.000   +0.000   +0.000   +0.000   +0.000   +0.000   +0.000   +0.000   +0.000   +0.000   +0.000   +0.000   +0.000   +0.000   +0.000   +0.000   +0.000   +0.000   +0.000
  +0.000   +0.000   +0.000   +0.000   +0.000   +0.000   -0.000   +0.000   +0.000   +0.000   +0.000   +0.000   +0.000   +0.000   +0.000   +0.000   +0.000   +0.000   +0.000   +0.000   +0.000   +0.000   +0.000   +0.000
  +0.000   +0.000   +0.000   +0.000   +0.000   +0.000   +0.000   +0.000   +0.000   +0.000   +0.000   +0.000   +0.000   +0.000   +0.000   +0.000   +0.000   +0.000   +0.000   +0.000   +0.000   +0.000   +0.000   +0.000
  +0.000   +0.000   +0.000   +0.000   +0.000   +0.000   +0.000   +0.000   +0.000   +0.000   +0.000   +0.000   +0.000   +0.000   +0.000   +0.000   +0.000   +0.000   +0.000   +0.000   +0.000   +0.000   +0.000   +0.000
  +0.000   +0.000   +0.000   +0.000   +0.000   +0.000   +0.000   +0.000   +0.000   +0.000   +0.000   +0.000   +0.000   +0.000   +0.000   +0.000   -0.000   +0.000   +0.000   +0.000   +0.000   +0.000   +0.000   +0.000
  +0.000   +0.000   +0.000   +0.000   +0.000   +0.000   +0.000   +0.000   +0.000   +0.000   +0.000   +0.000   +0.000   +0.000   +0.000   +0.000   +0.000   +0.000   +0.000   +0.000   +0.000   +0.000   +0.000   +0.000
  +0.000   +0.000   +0.000   +0.000   +0.000   +0.000   +0.000   +0.000   +0.000   +0.000   +0.000   +0.000   +0.000   +0.000   +0.000   +0.000   +0.000   +0.000   +0.000   +0.000   +0.000   +0.000   +0.000   +0.000
  +0.000   +0.000   +0.000   +0.000   +0.000   +0.000   +0.000   +0.000   +0.000   +0.000   +0.000   +0.000   +0.000   +0.000   +0.000   +0.000   +0.000   +0.000   +0.000   +0.000   +0.000   +0.000   +0.000   +0.000
  +0.000   +0.000   +0.000   +0.000   +0.000   +0.000   +0.000   +0.000   +0.000   +0.000   +0.000   +0.000   +0.000   +0.000   +0.000   +0.000   +0.000   +0.000   +0.000   +0.000   +0.000   +0.000   +0.000   +0.000
  +0.000   +0.000   +0.000   +0.000   +0.000   +0.000   +0.000   +0.000   +0.000   +0.000   +0.000   +0.000   +0.000   +0.000   +0.000   +0.000   +0.000   +0.000   +0.000   +0.000   +0.000   +0.000   +0.000   +0.000
  +0.000   +0.000   +0.000   +0.000   +0.000   +0.000   +0.000   +0.000   +0.000   +0.000   +0.000   +0.000   +0.000   +0.000   +0.000   +0.000   +0.000   +0.000   +0.000   +0.000   +0.000   +0.000   +0.000   +0.000
  +0.000   +0.000   +0.000   +0.000   +0.000   +0.000   +0.000   +0.000   +0.000   +0.000   +0.000   +0.000   +0.000   +0.000   +0.000   +0.000   +0.000   +0.000   +0.000   +0.000   +0.000   +0.000   +0.000   +0.000
  +0.000   +0.000   +0.000   +0.000   +0.000   +0.000   +0.000   +0.000   +0.000   +0.000   +0.000   +0.000   +0.000   +0.000   +0.000   +0.000   +0.000   +0.000   +0.000   +0.000   +0.000   +0.000   +0.000   +0.000
  +0.000   +0.000   +0.000   +0.000   +0.000   +0.000   +0.000   +0.000   +0.000   +0.000   +0.000   +0.000   +0.000   +0.000   +0.000   +0.000   +0.000   +0.000   +0.000   +0.000   +0.000   +0.000   +0.000   +0.000
  +0.000   +0.000   +0.000   +0.000   +0.000   +0.000   +0.000   +0.000   +0.000   +0.000   +0.000   +0.000   +0.000   +0.000   +0.000   +0.000   +0.000   +0.000   +0.000   +0.000   +0.000   +0.000   +0.000   +0.000
  +0.000   +0.000   +0.000   +0.000   +0.000   +0.000   +0.000   +0.000   +0.000   +0.000   +0.000   +0.000   +0.000   +0.000   +0.000   +0.000   +0.000   +0.000   +0.000   +0.000   +0.000   +0.000   +0.000   +0.000
  +0.000   +0.000   +0.000   +0.000   +0.000   +0.000   +0.000   +0.000   +0.000   +0.000   +0.000   +0.000   +0.000   +0.000   +0.000   +0.000   +0.000   +0.000   +0.000   +0.000   +0.000   +0.000   +0.000   +0.000
  +0.000   +0.000   +0.000   +0.000   +0.000   +0.000   +0.000   +0.000   +0.000   +0.000   +0.000   +0.000   +0.000   +0.000   +0.000   +0.000   +0.000   +0.000   +0.000   +0.000   +0.000   +0.000   +0.000   +0.000
