  +0.000   +0.000   +0.000   +0.000   +0.000   +0.000   +0.000   -0.000   +0.000   +0.000   +0.000   +0.000   +0.000   +0.000   +0.000   +0.000   +0.000   +0.000   +0.000   +0.000   +0.000   +0.000   +0.000   +0.000
  +0.000   +0.000   +0.000   +0.000   +0.000   +0.000   +0.000   -0.000   +0.000   +0.000   +0.000   +0.000   +0.000   +0.000   +0.000   +0.000   +0.000   +0.000   +0.000   +0.000   +0.000   +0.000   +0.000   +0.000
  +0.000   +0.000   +0.000   +0.000   +0.000   +0.000   +0.000   +0.000   +0.000   +0.000   +0.000   +0.000   +0.000   +0.000   +0.000   +0.000   +0.000   +0.000   +0.000   +0.000   +0.000   +0.000   +0.000   +0.000
  +0.000   +0.000   +0.000   +0.000   +0.000   +0.000   +0.000   +0.000   +0.000   +0.000   +0.000   +0.000   +0.000   +0.000   +0.000   +0.000   +0.000   +0.000   +0.000   +0.000   +0.000   +0.000   +0.000   +0.000
  +0.000   +0.000   +0.000   +0.000   +0.000   +0.000   +0.000   +0.000   +0.000   +0.000   +0.000   +0.000   +0.000   +0.000   +0.000   +0.000   +0.000   +0.000   +0.000   +0.000   +0.000   +0.000   +0.000   +0.000
  +0.000   +0.000   +0.000   +0.000   +0.000   +0.000   +0.000   +0.000   +0.000   +0.000   +0.000   +0.000   +0.000   +0.000   +0.000   +0.000   +0.000   +0.000   +0.000   +0.000   +0.000   +0.000   +0.000   +0.000
  +0.000   +0.000   +0.000   +0.000   +0.000   +0.000   +0.000   +0.000   +0.000   +0.000   +0.000   +0.000   +0.000   +0.000   +0.000   +0.000   +0.000   +0.000   +0.000   +0.000   +0.000   +0.000   +0.000   +0.000
  +0.000   +0.000   +0.000   +0.000   +0.000   +0.000   +0.000   +0.000   +0.000   +0.000   +0.000   +0.000   +0.000   +0.000   +0.000   +0.000   +0.000   +0.000   +0.000   +0.000   +0.000   +0.000   +0.000   +0.000
  +0.000   +0.000   +0.000   +0.000   +0.000   +0.000   +0.000   +0.000   +0.000   +0.000   +0.000   +0.000   +0.000   +0.000   +0.000   +0.000   +0.000   +0.000   +0.000   +0.000   +0.000   +0.000   +0.000   +0.000
  +0.000   +0.000   +0.000   +0.000   +0.000   +0.000   +0.000   +0.000   +0.000   +0.000   +0.000   +0.000   +0.000   +0.000   +0.000   +0.000   +0.000   +0.000   +0.000   +0.000   +0.000   +0.000   +0.000   +0.000
  +0.000   +0.000   +0.000   +0.000   +0.000   +0.000   +0.000   +0.000   +0.000   +0.000   +0.000   +0.000   +0.000   +0.000   +0.000   +0.000   -0.000   +0.000   +0.000   +0.000   +0.000   +0.000   +0.000   +0.000
  +0.000   +0.000   +0.000   +0.000   +0.000   +0.000   +0.000   +0.000   +0.000   +0.000   +0.000   +0.000   +0.000   +0.000   +0.000   +0.000   +0.000   +0.000   +0.000   +0.000   +0.000   +0.000   +0.000   +0.000
  +0.000   +0.000   +0.000   +0.000   +0.000   +0.000   +2.314   +2.314   +2.314   +2.314   +2.314   +0.000   +0.000   +0.000   +0.000   +0.000   +0.000   +0.000   +0.000   +0.000   +0.000   +0.000   +0.000   +0.000
  +0.000   +0.000   +0.000   +0.000   +0.000   +0.000   +2.314   +2.314   +2.314   +2.314   +2.314   +0.000   +0.000   +0.000   +0.000   +0.000   +0.000   +0.000   +0.000   +0.000   +0.000   +0.000   +0.000   +0.000
  +0.000   +0.000   +0.000   +0.000   +0.000   +0.000   +2.314   +2.314   +2.314   +2.314   +2.314   +0.000   +0.000   +0.000   +0.000   +0.000   +0.000   +0.000   +0.000   +0.000   +0.000   +0.000   +0.000   +0.000
  +0.000   +0.000   +0.000   +0.000   +0.000   +0.000   +2.314   +2.314   +2.314   +2.314   +2.314   +0.000   +0.000   +0.000   +0.000   +0.000   +0.000   +0.000   +0.000   +0.000   +0.000   +0.000   +0.000   +0.000
  +0.000   +0.000   +0.000   +0.000   +0.000   +0.000   +0.000   +0.000   +0.000   +0.000   +0.000   +0.000   +0.000   +0.000   +0.000   +0.000   +0.000   +0.000   +0.000   +0.000   +0.000   +0.000   +0.000   +0.000
  +0.000   +0.000   +0.000   +0.000   +0.000   +0.000   +0.000   +0.000   +0.000   +0.000   +0.000   +0.000   +0.000   +0.000   +0.000   +0.000   +0.000   +0.000   +0.000   +0.000   +0.000   +0.000   +0.000   +0.000
  +0.000   +0.000   +0.000   +0.000   +0.000   +0.000   +0.000   +0.000   +0.000   +0.000   +0.000   +0.000   +0.000   +0.000   +0.000   +0.000   +0.000   +0.000   +0.000   +0.000   +0.000   +0.000   +0.000   +0.000
  +0.000   +0.000   +0.000   +0.000   +0.000   +0.000   +0.000   +0.000   +0.000   +0.000   +0.000   +0.000   +0.000   +0.000   +0.000   +0.000   +0.000   +0.000   +0.000   +0.000   +0.000   +0.000   +0.000   +0.000
  +0.000   +0.000   +0.000   +0.000   +0.000   +0.000   +0.000   +0.000   +0.000   +0.000   +0.000   +0.000   +0.000   +0.000   +0.000   +0.000   +0.000   +0.000   +0.000   +0.000   +0.000   +0.000   +0.000   +0.000
  +0.000   +0.000   +0.000   +0.000   +0.000   +0.000   +0.000   +0.000   +0.000   +0.000   +0.000   +0.000   +0.000   +0.000   +0.000   +0.000   +0.000   +0.000   +0.000   +0.000   +0.000   +0.000   +0.000   +0.000
  +0.000   +0.000   +0.000   +0.000   +0.000   +0.000   +0.000   +0.000   +0.000   +0.000   +0.000   +0.000   +0.000   +0.000   +0.000   +0.000   +0.000   +0.000   +0.000   +0.000   +0.000   +0.000   +0.000   +0.000
  +0.000   +0.000   +0.000   +0.000   +0.000   +0.000   +0.000   +0.000   +0.000   +0.000   +0.000   +0.000   +0.000   +0.000   +0.000   +0.000   +0.000   +0.000   +0.000   +0.000   +0.000   +0.000   +0.000   +0.000
