  +0.000   -5.256   -5.256   -5.256   +0.000   +0.000   +0.000   -0.000   +0.000   +0.000   +0.000   +0.000   +0.000   +0.000   +0.000   +0.000   +0.000   +0.000   +0.000   +0.000   +0.000   +0.000   +0.000   +0.000
  +0.000   +0.000   -5.256   -5.256   -5.256   +0.000   +0.000   -0.000   +0.000   +0.000   +0.000   +0.000   +0.000   +0.000   +0.000   +0.000   +0.000   +0.000   +0.000   +0.000   +0.000   +0.000   +0.000   +0.000
  +0.000   +0.000   +0.000   -5.256   -5.256   -5.256   +0.000   +0.000   +0.000   +0.000   +0.000   +0.000   +0.000   +0.000   +0.000   +0.000   +0.000   +0.000   +0.000   +0.000   +0.000   +0.000   +0.000   +0.000
  +0.000   +0.000   +0.000   +0.000   -5.256   -5.256   +0.000   +0.000   +0.000   +0.000   +0.000   +0.000   +0.000   +0.000   +0.000   +0.000   +0.000   +0.000   +0.000   +0.000   +0.000   +0.000   +0.000   +0.000
  +0.000   +0.000   +0.000   +0.000   +0.000   +0.000   +0.000   +0.000   +0.000   +0.000   +0.000   +0.000   +0.000   +0.000   +0.000   +0.000   +0.000   +0.000   +0.000   +0.000   +0.000   +0.000   +0.000   +0.000
  +0.000   +0.000   +0.000   +0.000   +0.000   +0.000   +0.000   +0.000   +0.000   +0.000   +0.000   +0.000   +0.000   +0.000   +0.000   +0.000   +0.000   +0.000   +0.000   +0.000   +0.000   +0.000   +0.000   +0.000
  +0.000   +0.000   +0.000   +0.000   +0.000   +0.000   +0.000   +0.000   +0.000   +0.000   +0.000   +0.000   +0.000   +0.000   +0.000   +0.000   +0.000   +0.000   +0.000   +0.000   +0.000   +0.000   +0.000   +0.000
  +0.000   +0.000   +0.000   +0.000   +0.000   +0.000   -0.000   +0.000   +0.000   +0.000   +0.000   +0.000   +0.000   +0.000   +0.000   +0.000   +0.000   +0.000   +0.000   +0.000   +0.000   +0.000   +0.000   +0.000
  +0.000   +0.000   +0.000   +0.000   +0.000   +0.000   +0.000   +0.000   +0.000   +0.000   +0.000   +0.000   +0.000   +0.000   +0.000   +0.000   +0.000   +0.000   +0.000   +0.000   +0.000   +0.000   +0.000   +0.000
  +0.000   +0.000   +0.000   +0.000   +0.000   +0.000   +0.000   +0.000   +0.000   +0.000   +0.000   +0.000   +0.000   +0.000   +0.000   +0.000   +0.000   +0.000   +0.000   +0.000   +0.000   +0.000   +0.000   +0.000
  +0.000   +0.000   +0.000   +0.000   +0.000   +0.000   +0.000   +0.000   +0.000   +0.000   +0.000   +0.000   +0.000   +0.000   +0.000   +0.000   -0.000   +0.000   +0.000   +0.000   +0.000   +0.000   +0.000   +0.000
  +0.000   +0.000   +0.000   +0.000   +0.000   +0.000   +0.000   +0.000   +0.000   +0.000   +0.000   +0.000   +0.000   +0.000   +0.000   +0.000   +0.000   +0.000   +0.000   +0.000   +0.000   +0.000   +0.000   +0.000
  +0.000   +0.000   +0.000   +0.000   +0.000   +0.000   +0.000   +0.000   +0.000   +0.000   +0.000   +0.000   +0.000   +0.000   +0.000   +0.000   +0.000   +0.000   +0.000   +0.000   +0.000   +0.000   +0.000   +0.000
  +0.000   +0.000   +0.000   +0.000   +0.000   +0.000   +0.000   +0.000   +0.000   +0.000   +0.000   +0.000   +0.000   +0.000   +0.000   +0.000   +0.000   +0.000   +0.000   +0.000   +0.000   +0.000   +0.000   +0.000
  +0.000   +0.000   +0.000   +0.000   +0.000   +0.000   +0.000   +0.000   +0.000   +0.000   +0.000   +0.000   +0.000   +0.000   +0.000   +0.000   +0.000   +0.000   +0.000   +0.000   +0.000   +0.000   +0.000   +0.000
  +0.000   +0.000   +0.000   +0.000   +0.000   +0.000   +0.000   +0.000   +0.000   +0.000   +0.000   +0.000   +0.000   +0.000   +0.000   +0.000   +0.000   +0.000   +0.000   +0.000   +0.000   +0.000   +0.000   +0.000
  +0.000   +0.000   +0.000   +0.000   +0.000   +0.000   +0.000   +0.000   +0.000   +0.000   +0.000   +0.000   +0.000   +0.000   +0.000   +0.000   +0.000   +0.000   +0.000   +0.000   +0.000   +0.000   +0.000   +0.000
  +0.000   +0.000   +0.000   +0.000   +0.000   +0.000   +0.000   +0.000   +0.000   +0.000   +0.000   +0.000   +0.000   +0.000   +0.000   +0.000   +0.000   +0.000   +0.000   +0.000   +0.000   +0.000   +0.000   +0.000
  +0.000   +0.000   +0.000   +0.000   +0.000   +0.000   +0.000   +0.000   +0.000   +0.000   +0.000   +0.000   +0.000   +0.000   +0.000   +0.000   +0.000   +0.000   +0.000   +0.000   +0.000   +0.000   +0.000   +0.000
  +0.000   +0.000   +0.000   +0.000   +0.000   +0.000   +0.000   +0.000   +0.000   +0.000   +0.000   +0.000   +0.000   +0.000   +0.000   +0.000   +0.000   +0.000   +0.000   +0.000   +0.000   +0.000   +0.000   +0.000
  +0.000   +0.000   +0.000   +0.000   +0.000   +0.000   +0.000   +0.000   +0.000   +0.000   +0.000   +0.000   +0.000   +0.000   +0.000   +0.000   +0.000   +0.000   +0.000   +0.000   +0.000   +0.000   +0.000   +0.000
  +0.000   +0.000   +0.000   +0.000   +0.000   +0.000   +0.000   +0.000   +0.000   +0.000   +0.000   +0.000   +0.000   +0.000   +0.000   +0.000   +0.000   +0.000   +0.000   +0.000   +0.000   +0.000   +0.000   +0.000
  +0.000   +0.000   +0.000   +0.000   +0.000   +0.000   +0.000   +0.000   +0.000   +0.000   +0.000   +0.000   +0.000   +0.000   +0.000   +0.000   +0.000   +0.000   +0.000   +0.000   +0.000   +0.000   +0.000   +0.000
  +0.000   +0.000   +0.000   +0.000   +0.000   +0.000   +0.000   +0.000   +0.000   +0.000   +0.000   +0.000   +0.000   +0.000   +0.000   +0.000   +0.000   +0.000   +0.000   +0.000   +0.000   +0.000   +0.000   +0.000
