  0.38835   0.37830   0.35101   0.27048   0.72859   0.90079  -0.15112   0.12708  0.36614   0.07854  -0.34460  -0.54167  -0.43209  -0.28210  -0.18823  -0.48410  2.73106   0.04876   0.41351   0.51112   0.10359   0.37021   0.42821   0.44678
  0.43280   0.32723   0.44512   0.24863   0.30460   0.38051   0.19634  -0.04135  2.22551   0.57263  -0.53376  -0.75403  -0.47429  -0.41483   0.13240  -0.04482  0.06867  -0.24684  -0.30973   0.39255  -0.15783   0.24622   0.45070   0.44098
  0.33622   0.28748   0.37960   0.14691  -0.23371  -0.24684  -0.35294  -0.85032  -0.68589  -0.24684  -0.92183  -0.45875  -0.17237   0.17642   0.39965  -0.16367  -0.01926  -0.45090  -0.68589   0.47822   0.53438   0.61955   0.38735   0.40408
  0.17123   0.15237   0.11764   0.18313   0.34288  -0.50159   2.04121   1.64952  2.32295   2.10913  -0.30446  -0.25986  -0.12733   0.05420   0.29655  -0.03218  2.48026  -0.27634   0.04876  -0.15112   0.09644   0.53746   0.14439   0.46570
  0.27138   0.11487  -0.16810   0.19278  -0.06982  -0.73305   1.96461  -0.27634  1.87678   0.31470  -0.49312   0.05983   0.10294   0.03569   0.23386   3.23823  0.22819   2.04121   0.25844  -0.12232   0.08275   0.28338   0.31798   0.34301
  0.07723  -0.02391  -0.17621   0.02972  -0.35046  -0.11407  -0.04135   2.17014  -0.36080   0.03873   0.01691   0.10854   0.29886   0.37098   0.67266   0.86851  0.78818   0.35569   0.46011   0.01811   0.12129   0.06032   0.21602   0.19641
  0.00919  -0.11414  -0.00597   0.07303   0.05983  -0.16543  -0.45716   0.53663  -0.09701  -0.21777   0.02152   0.10256   0.23957   0.26504   0.40322   0.62869  0.39606   0.58338   0.40906   0.69678   0.33340   0.32192   0.14298   0.01437
 -0.04523  -0.01021  -0.03889  -0.26471   0.05329  -0.56729  -0.10997   0.36058  -0.23538  -0.19101   0.03075   0.08547   0.15709   0.24802   0.34602   0.61535  0.41595   0.19926   0.51692   0.24086   0.11878   0.07724   0.00921   0.02456
 -0.05094  -0.18521  -0.24822  -0.36564   0.16271  -0.60195  -0.52363  -0.49312  0.05365  -0.12801  -0.01476  -0.00862   0.06048   0.22089   0.22158   0.81576  0.33882   0.29530   0.27177   0.06721  -0.08315  -0.03665  -0.07931  -0.05221
  0.09843  -0.27634  -0.82503   0.12694   0.12694   1.49252  -1.03827  -0.32036  -0.20732  -0.40944  -0.15242   0.05563   0.27967   2.68369   1.87678   1.49252  1.27928  -0.82503   2.87245   0.11289   0.09337   0.11992  -0.17132   0.27819
  0.12694   0.12694   0.12694   0.12694   0.12694   0.12694   1.27928  -1.03827  -1.44782  -0.14741   1.87678  -2.19061   0.94544   0.12694   0.12694   0.12694  0.12694   0.94544   0.94544  -0.14741   0.12708   0.00323  -0.61452  -0.14741
  0.12694   0.12694   0.12694   0.12694   0.12694   0.12694  -2.19061  -2.19061  0.94544   0.12694   0.12694   0.12694   0.12694   0.12694   0.12694   0.12694  0.12694   0.12694   0.94544   1.49252   1.77385   1.49252   0.12694   0.12694
  0.12694   0.12694   0.12694   0.12694   0.94544   0.12694   0.94544   0.12694  0.12694   0.12694   0.12694   0.12694   0.12694   0.12694   0.12694   0.12694  0.12694   0.12694   0.12694   0.12694   0.12694   0.12694   0.12694   0.12694
  0.12694   0.12694   0.12694   0.12694   0.12694   0.94544   0.12694   0.12694  0.12694   0.12694   0.12694   0.12694   0.12694   0.12694   0.12694   0.12694  0.94544   0.12694   0.12694   0.12694   0.12694   0.12694   0.12694   0.12694
  0.12694   1.77385  -0.42251  -0.04411   0.18030  -0.40416   0.94544   0.12694  0.12694   0.12694   0.12694   0.12694   0.94544   0.12694   1.77385   0.04876  -1.47573   1.49252   0.94544   0.12694   0.12694   0.12694   0.12694   0.94544
 -0.20970   0.04703  -0.20814  -0.04452  -0.15805   0.03489   0.03954   1.96461  1.27928   0.94544   2.22551   2.57599   0.25008   0.02163  -0.23355  -0.13486  -0.46931  -0.40416   1.49252   0.94544   0.94544   0.12694   1.27928  -0.61797
 -0.07905  -0.04958  -0.12990   0.04164  -0.12269   0.19516   0.30045   0.35670  0.27229   0.76225   0.59786   0.23821   0.09294  -0.01889  -0.08430  -0.27458  -0.07730  -0.43736   2.68369  -0.32036  -0.55696  -0.67416  -0.10316  -0.20798
 -0.04453   0.00000   0.04712   0.08201   0.10508   0.19578   0.47060   0.37670  0.49945   0.44156   0.34765   0.28783   0.21416   0.10957  -0.07533  -0.04545  -0.30263  -0.19479   0.24463  -0.48410  -0.33528  -0.15038  -0.10424  -0.16449
  0.00921   0.08146   0.11554   0.18978   0.26586   0.04899   0.37911   0.28998  0.44068   0.45605   0.48056   0.33409   0.20868   0.11087   0.16826  -0.22578  -0.54550  -0.21566   0.04787  -0.23898  -0.00083  -0.30515  -0.06761  -0.07483
  0.09199   0.12209   0.42554   0.36418   0.76937   0.11449   0.39255   0.92068  0.53457   0.39008   0.40563   0.33401   0.16474   0.06211  -0.03077   0.04742  -0.36483   0.00539   0.08919  -0.04341  -0.51968   0.07893   0.03838   0.05391
  0.12545   0.13064   0.41374   0.37415   0.05434   0.69827   2.32295   2.60478  0.39029   0.39255   0.44440   0.40736   0.05092  -0.09729  -0.36619   0.16271  -0.95326   1.27928  -0.35294   0.22819  -0.09628  -0.08077   0.14265   0.17967
  0.41871   0.23897   0.51382   0.61262   0.61832   0.47822  -0.45090   2.04121  -0.30973   0.47822  -0.01712  -0.01398   0.07045  -0.08779  -0.97809   2.04121  1.77385   1.64952  -0.54370  -0.45090  -0.43068  -0.11369   0.15553   0.20692
  0.54345   0.36818   0.52496   0.27947   0.09415   0.49833   0.19634   2.10913  -0.48799  -0.02014  -0.10384  -0.25173  -0.21122   0.01459  -0.58935  -0.09204  2.17014   2.10913   0.08919  -0.59405   0.28922   0.08556   0.23842   0.28725
  0.46423   0.64823   0.52908   0.31331   0.11447   0.26011   0.34097  -0.64531  -0.01926   0.52083   0.50275  -0.23673  -0.46634  -0.92270  -0.61767   0.51778  0.22819  -0.45090   0.08919  -0.12398  -0.17237   0.01277   0.17614   0.43471
