  +1.870   +1.845   +1.691   +1.949   +1.436   +0.819   +0.059   +0.105   -0.218   +1.164   -0.615   +0.532   +0.532   +0.532   +3.954   -2.586   -0.870   -0.686   -0.314   +0.226   +0.753   +0.867   +1.201   +1.819
  +1.790   +1.887   +1.620   +0.603   +1.331   +0.904   +0.598   +0.037   -0.331   -0.716   -2.573   +0.532   +0.532   +0.532   +0.532   +5.351   -0.431   -0.436   -0.284   +0.159   +0.598   +0.652   +0.997   +0.736
  +1.547   +1.029   +2.595   +2.247   +1.184   +0.252   +1.348   +0.323   -0.155   +0.502   +0.012   +6.246   +0.532   +0.532   +0.532   +0.532   -2.819   -0.628   -1.275   +0.331   -0.340   -0.476   +0.360   +0.054
  +0.436   -0.660   +2.235   +0.402   +0.348   +0.507   +1.394   +0.498   -0.348   +0.389   +0.532   +7.422   +0.532   +0.532   +0.532   +3.954   -2.331   -1.402   -0.003   -2.176   -0.402   -1.804   +1.209   -0.720
  +2.138   +1.644   +2.000   -0.632   -0.510   +0.076   +2.915   +1.008   +0.280   +0.473   -0.615   +6.246   +0.532   +0.532   +0.532   +3.954   -1.339   -2.025   -1.000   -0.181   +0.954   -1.887   -2.485   -0.519
  +1.731   -1.297   -2.870   +0.204   +1.079   +1.924   +1.711   +2.164   +1.138  +12.017   +3.954   +3.954   +0.532   +0.532   +3.954   +6.246  +11.229   +1.025   +0.201   +0.372   -1.476   -2.275   +0.372   +0.372
  +0.204   -1.034   -1.887   -1.155   +8.540   +1.490   +2.439   +0.833   +1.235   -3.453   +3.954   +0.532   +0.532   +0.532   +6.246   -1.691   -1.828   -0.816   -0.904   +0.020   +5.351   +6.904   +8.824   -1.887
 +11.427   +0.289   -0.079  +10.376   +0.954   +3.297   +1.657   +1.740   +1.419   +5.351   +0.532   +0.532   +0.532   +3.954   -6.175   -1.963   -0.323   -1.269   -2.280   -1.527   -3.988   +7.422   +9.079   +0.954
  -2.025   -0.187   -0.686   -0.133  +13.549   +3.637   +2.632   +2.573   +3.414   +6.246   +0.532   +0.532   +0.532   +0.532   +0.204   -0.564   -1.150   -0.187   -0.946   +0.196   +0.682   +8.540   -0.385   +2.167
  -0.787   +0.552   +1.674   +1.243   +0.980   +2.816   +1.686   +1.448   +0.929   +7.853   +0.532   +0.532   +0.532   +0.532   +7.422   -0.980   -0.351   -0.314   +0.703   -0.130   -1.532   -4.093   -2.464   -2.586
  -1.181   -1.736   +0.736   +0.226   +0.150   +1.552   +1.108   +1.037   +0.924  +11.229   +0.532   +0.532   +0.532   +0.532   +0.532   +0.091   -0.079   +0.459   +0.465   +0.260   -0.405   -0.368   +0.062   -3.861
  -1.807   -1.983   -0.720   -0.532   +0.431   +1.252   +1.003   +0.657   +0.252   +1.172   +3.954   +0.532   +0.532   +0.532   +3.954   +1.046   +0.389   +0.895   +0.875   +0.691   +0.213   +0.292   -0.883   -1.949
  -2.269   -3.155   -1.921   -1.088   +0.252   +0.456   +0.431   +0.356   -0.037   +0.235   -9.167   +0.532   +0.532   +0.532   +0.532  +10.778   +0.997   +1.204   +1.397   +1.397   +1.703   -0.059   -1.054   -0.992
  -1.444   -2.235   -3.858   -1.272   -2.062   +0.071   +0.091   +0.130   -0.062   -0.637   +7.853   +0.532   +0.532   +0.532   +0.532   +9.314   +2.502   +1.456   +2.012   +1.699   +1.858   -0.071   -0.436   +2.105
  +0.331   +2.397   -1.034   +8.824   +1.318   +0.164   -0.912   -0.799   -0.535   -1.711   -0.615   +0.532   +0.532   +0.532   +0.532   +3.954   +3.187   +1.850   +1.909   +1.632   +1.644   +2.000   -0.084   +2.181
  +1.532   +9.314   -2.870   +9.719   +7.853   -1.510   -0.405   -0.983   +0.226   -0.867   -6.059   +3.954   +0.532   +0.532   +0.532   +5.351   +1.138   +2.088   +1.845   +2.238   +1.632   -1.297   -2.042   -0.079
  +0.532   -0.172   -3.556   +6.904   -1.155   +9.079   +2.247   +1.510   -2.062   -1.339   -4.343   -9.167   +0.532   +0.532   +0.532   +8.221   +1.493   +1.578   +1.213   +3.853  +10.900   +8.540   +8.824   -2.699
  -0.632   +0.819   -1.476   +8.540   +8.221   -0.172   -1.912   -0.459   -2.193   -4.343   +5.351   -9.167   +3.954   +0.532   +3.954   +0.167   +1.255   +1.971   +1.586   +1.644   +9.719   -1.887   +0.819   +1.427
  +3.770   +1.595   -1.034   -2.100   -3.067   -0.476   -0.691   -2.372   -2.519   +6.246   +0.532   +0.532   +0.532   +3.954   -1.691   +0.147   +0.816   +0.819   +0.204   +0.476   +2.921   +2.000   +2.084   +1.088
  +3.051   +1.275   -0.980   +1.436   -0.292   -1.464   +0.252   +0.221   +0.682   +0.532   +0.532   +0.532   +3.954   +0.532   +0.753   -0.660   -0.515   +0.439   +1.113   +3.218   +0.226   +2.586   +0.394   +0.476
  +1.130   +1.042   +0.615   +0.765   +0.807   +0.125   +0.306   -1.108   -1.532   +0.532   +0.532   +0.532   +0.532   +0.532   -0.184   -0.187   +0.176   +0.343   +0.796   +1.524   +1.564   +2.564   +1.167   +1.309
  +1.468   +1.861   +1.589   +0.493   -0.703   -0.736   -0.025   -0.164   -1.037   -3.453   +0.532   +0.532   +0.532   +0.532   -1.770   -0.870   -0.544   +0.196   +0.485   +1.782   +1.731   +2.150   +2.196   +2.213
  +1.581   +1.368   +1.201   +0.637   +0.481   -0.100   -0.476   -0.042   -0.774   -1.155   +0.532   +0.532   +0.532   +0.532   +7.422   +0.196   -0.209   +0.000   +0.340   +0.510   +0.547   +1.000   +1.540   +2.711
  +1.623   +1.812   +1.405   +0.716   +1.133   +0.323   +0.037   -0.187   -0.213   +0.410   +0.532   +0.532   +0.532   +0.532   +0.532   -0.878   -0.331   -0.187   +0.037   +0.385   +0.524   +1.753   +2.272   +1.941
