  0.29801   0.29801   0.29801   0.29801   0.29801   0.29801   0.29801   0.29801  0.29801   0.29801   0.29801   0.29801   0.29801   0.29801   0.29801   0.29801  0.29801   0.29801   0.29801   0.29801   0.29801   0.29801   0.29801   0.29801
  0.29801   0.29801   0.29801   0.29801   0.29801   0.29801   0.29801   0.29801  0.29801   0.29801   0.29801   0.29801   0.29801   0.29801   0.29801   0.29801  0.29801   0.29801   0.29801   0.29801   0.29801   0.29801   0.29801   0.29801
  0.29801   0.29801   0.29801   0.29801   0.29801   0.29801   0.29801   0.29801  0.29801   0.29801   0.29801   0.29801   0.29801   0.29801   0.29801   0.29801  0.29801   0.29801   0.29801   0.29801   0.29801   0.29801   0.29801   0.29801
  0.29801   0.29801   0.29801   0.29801   0.29801   0.29801   0.29801   0.29801  0.29801   0.29801   0.29801   0.29801   0.29801   0.29801   0.29801   0.29801  0.29801   0.29801   0.29801   0.29801   0.29801   0.29801   0.29801   0.29801
  0.29801   0.29801   0.29801   0.29801   0.29801   0.29801   0.29801   0.29801  0.29801   0.29801   0.29801   1.64986   1.87175   1.87175   1.64986   0.29801  1.29392   0.29801   0.29801   0.29801   0.29801   0.29801   1.64986   1.29392
  0.04893   2.43239   0.29801   0.29801   0.29801   0.29801   0.29801   0.29801  1.29392   2.26545   3.60605   1.00075   1.64460   1.10805   0.99758   0.47417  0.16149   2.03337   1.29392   1.64986  -0.24889   0.50965  -0.13389   0.01983
  0.16711   0.06741   2.16056   0.29801   0.29801   0.29801   0.29801  -0.75149  2.94140   1.09267   1.40661   1.24159   1.26315   1.21996   1.18174   1.26090  0.50492   0.72151   1.54238   0.21051   0.04566   0.08341  -0.00434   0.02835
  0.12326   0.17599  -0.45702   0.29801   0.29801   0.29801   1.29392   0.02793  1.01416   1.17908   1.17070   1.13892   1.13641   0.97892   1.04840   0.98138  0.55740   0.46439   0.35875   0.07670  -0.02700   0.01813   0.01057   0.01589
  0.20134   0.02283   0.29801   1.29392   0.29801   0.29801   0.29801   2.97181  0.98058   0.81660   0.86110   0.92046   0.97351   0.84938   1.15430   0.53026  1.11604   0.30828   0.04951  -0.07663  -0.07485  -0.02103   0.00000   0.05248
  0.22018   2.16056   0.29801   0.29801   0.29801   0.29801   1.29392   2.66994  0.50750   0.45999   0.47754   0.73962   1.10396   3.17170   2.50115   1.87175  1.64986   0.29801   0.00159   0.02629  -0.06470   0.00476   0.03424  -0.00216
  0.29801   0.29801   0.29801   0.29801   0.29801   0.29801   0.29801   1.29392  -0.25165   0.46423   0.43036   2.35471   1.64986   0.29801   0.29801   0.29801  0.29801   0.29801   0.29801  -0.02480  -0.03570   0.10888   0.09576   0.24302
  0.29801   0.29801   0.29801   0.29801   0.29801   0.29801   0.29801   0.29801  1.29392   0.29801   0.29801   0.29801   0.29801   0.29801   0.29801   0.29801  0.29801   0.29801   0.29801   0.29801   0.29801   1.29392   0.29801   0.29801
  0.29801   0.29801   0.29801   0.29801   0.29801   0.29801   0.29801   0.29801  0.29801   0.29801   0.29801   0.29801   0.29801   0.29801   0.29801   0.29801  0.29801   0.29801   0.29801   0.29801   0.29801   0.29801   0.29801   0.29801
  0.29801   0.29801   0.29801   0.29801   0.29801   0.29801   0.29801   0.29801  0.29801   0.29801   0.29801   0.29801   0.29801   0.29801   0.29801   0.29801  0.29801   0.29801   0.29801   0.29801   0.29801   0.29801   0.29801   0.29801
  0.29801   0.29801   0.29801   0.29801   0.29801   0.29801   0.29801   0.29801  0.29801   0.29801   0.29801   0.29801   0.29801   0.29801   0.29801   0.29801  0.29801   0.29801   0.29801   0.29801   0.29801   0.29801   0.29801   0.29801
  0.29801   0.29801   0.29801   0.29801   0.29801   0.29801   0.29801   0.29801  0.29801   0.29801   0.29801   0.29801   0.29801   0.29801   0.29801   0.29801  0.29801   0.29801   0.29801   0.29801   0.29801   0.29801   0.29801   0.29801
  0.29801   0.29801   0.29801   0.29801   0.29801   0.29801   0.29801   0.29801  0.29801   0.29801   0.29801   0.29801   0.29801   0.29801   0.29801   0.29801  0.29801   0.29801   0.29801   0.29801   0.29801   0.29801   0.29801   0.29801
  0.29801   0.29801   0.29801   0.29801   0.29801   0.29801   0.29801   0.29801  0.29801   0.29801   0.29801   0.29801   0.29801   0.29801   0.29801   0.29801  0.29801   0.29801   0.29801   0.29801   0.29801   0.29801   0.29801   0.29801
  0.29801   0.29801   0.29801   0.29801   0.29801   0.29801   0.29801   0.29801  0.29801   0.29801   0.29801   0.29801   0.29801   0.29801   0.29801   0.29801  0.29801   0.29801   0.29801   0.29801   0.29801   0.29801   0.29801   0.29801
  0.29801   0.29801   0.29801   0.29801   0.29801   0.29801   0.29801   0.29801  0.29801   0.29801   0.29801   0.29801   0.29801   0.29801   0.29801   0.29801  0.29801   0.29801   0.29801   0.29801   0.29801   0.29801   0.29801   0.29801
  0.29801   0.29801   0.29801   0.29801   0.29801   0.29801   0.29801   0.29801  0.29801   0.29801   0.29801   0.29801   0.29801   0.29801   0.29801   0.29801  0.29801   0.29801   0.29801   0.29801   0.29801   0.29801   0.29801   0.29801
  0.29801   0.29801   0.29801   0.29801   0.29801   0.29801   0.29801   0.29801  0.29801   0.29801   0.29801   0.29801   0.29801   0.29801   0.29801   0.29801  0.29801   0.29801   0.29801   0.29801   0.29801   0.29801   0.29801   0.29801
  0.29801   0.29801   0.29801   0.29801   0.29801   0.29801   0.29801   0.29801  0.29801   0.29801   0.29801   0.29801   0.29801   0.29801   0.29801   0.29801  0.29801   0.29801   0.29801   0.29801   0.29801   0.29801   0.29801   0.29801
  0.29801   0.29801   0.29801   0.29801   0.29801   0.29801   0.29801   0.29801  0.29801   0.29801   0.29801   0.29801   0.29801   0.29801   0.29801   0.29801  0.29801   0.29801   0.29801   0.29801   0.29801   0.29801   0.29801   0.29801
