  +0.738   +0.738   +0.738   +0.738   +3.205   +0.050   +0.069   +0.040   +0.129   -0.005   +0.602   +0.738   +0.738   +0.738   +0.738   +0.738   +0.738   +0.738   +0.738   +0.738   +0.738   +0.738   +0.738   +0.738
  +0.738   +0.738   +0.738   +0.738   +4.087   -0.332   -0.010   +0.027   +0.000   +0.084   +0.238   +0.738   +0.738   +0.738   +0.738   +0.738   +0.738   +0.738   +0.738   +0.738   +0.738   +0.738   +0.738   +0.738
  +0.738   +0.738   +0.738   +0.738   +0.738   +1.263   +0.206   +0.045   -0.052   +0.012   +0.270   +3.205   +0.738   +0.738   +0.738   +0.738   +0.738   +0.738   +0.738   +0.738   +0.738   +0.738   +0.738   +0.738
  +0.738   +0.738   +0.738   +0.738   +0.738   -0.617   +0.114   -0.067   -0.186   -0.161   -0.089   +0.738   +0.738   +0.738   +0.738   +0.738   +0.738   +0.738   +0.738   +0.738   +0.738   +0.738   +0.738   +0.738
  +0.738   +0.738   +0.738   +0.738   +0.738   +4.087   +0.523   +0.191   -0.191   +0.064   -0.062   +0.738   +0.738   +0.738   +0.738   +0.738   +0.738   +0.738   +0.738   +0.738   +0.738   +0.738   +0.738   +0.738
  +0.738   +0.738   +0.738   +0.738   +0.738   +3.205   +3.820   +0.889   +0.124   +0.005   +0.738   +0.738   +0.738   +0.738   +0.738   +0.738   +0.738   +0.738   +0.738   +0.738   +0.738   +0.738   +0.738   +0.738
  +0.738   +0.738   +0.738   +0.738   +0.738   +5.036   +1.788   +1.149   +0.763   +0.738   +0.738   +0.738   +0.738   +0.738   +0.738   +0.738   +0.738   +0.738   +0.738   +0.738   +0.738   +0.738   +0.738   +0.738
  +0.738   +0.738   +0.738   +0.738   +3.205   +0.399   +1.251   +1.380   +2.764   +4.087   +0.738   +0.738   +0.738   +0.738   +0.738   +0.738   +0.738   +0.738   +0.738   +0.738   +0.738   +0.738   +0.738   +0.738
  +0.738   +0.738   +0.738   +0.738   +0.738   +1.174   +3.123   +2.430   +1.313   +4.637   +0.738   +0.738   +0.738   +0.738   +0.738   +0.738   +0.738   +0.738   +0.738   +0.738   +0.738   +0.738   +0.738   +0.738
  +0.738   +0.738   +0.738   +0.738   +4.087   +2.472   +2.928   +2.596   +2.858   +6.195   +0.738   +0.738   +0.738   +0.738   +0.738   +0.738   +0.738   +0.738   +0.738   +0.738   +0.738   +0.738   +0.738   +0.738
  +0.738   +0.738   +0.738   +0.738   +4.637   +2.745   +3.022   +2.425   +2.103   +7.857   +0.738   +0.738   +0.738   +0.738   +0.738   +0.738   +0.738   +0.738   +0.738   +0.738   +0.738   +0.738   +0.738   +0.738
  +0.738   +0.738   +0.738   +0.738   +4.637   +4.075   +3.128   +2.814   +2.413   +2.735   +4.087   +0.738   +0.738   +0.738   +0.738   +0.738   +0.738   +0.738   +0.738   +0.738   +0.738   +0.738   +0.738   +0.738
  +0.738   +0.738   +0.738   +0.738   +4.087   +2.479   +3.076   +2.821   +2.279   +1.833   +5.833   +0.738   +0.738   +0.738   +0.738   +0.738   +0.738   +0.738   +0.738   +0.738   +0.738   +0.738   +0.738   +0.738
  +0.738   +0.738   +0.738   +0.738   +0.738   +8.932   +3.485   +2.901   +2.133   +1.184   +1.065   +0.738   +0.738   +0.738   +0.738   +0.738   +0.738   +0.738   +0.738   +0.738   +0.738   +0.738   +0.738   +0.738
  +0.738   +0.738   +0.738   +0.738   +0.738   +5.610   +2.707   +2.920   +2.024   +1.139   +1.149   +0.738   +0.738   +0.738   +0.738   +0.738   +0.738   +0.738   +0.738   +0.738   +0.738   +0.738   +0.738   +0.738
  +0.738   +0.738   +0.738   +0.738   +0.738   +3.205   +7.285   +2.512   +2.430   +1.256   -0.624   +3.205   +0.738   +0.738   +0.738   +0.738   +0.738   +0.738   +0.738   +0.738   +0.738   +0.738   +0.738   +0.738
  +0.738   +0.738   +0.738   +0.738   +0.738   +0.738   -1.860   +0.069   +7.362   +6.614   +3.205   +0.738   +0.738   +0.738   +0.738   +0.738   +0.738   +0.738   +0.738   +0.738   +0.738   +0.738   +0.738   +0.738
  +0.738   +0.738   +0.738   +0.738   +0.738   +0.738   +0.738   +3.205   +0.738   +3.205   +0.738   +0.738   +0.738   +0.738   +0.738   +0.738   +0.738   +0.738   +0.738   +0.738   +0.738   +0.738   +0.738   +0.738
  +0.738   +0.738   +0.738   +0.738   +0.738   +0.738   +0.738   +0.738   +0.738   +0.738   +0.738   +0.738   +0.738   +0.738   +0.738   +0.738   +0.738   +0.738   +0.738   +0.738   +0.738   +0.738   +0.738   +0.738
  +0.738   +0.738   +0.738   +0.738   +0.738   +0.738   +0.738   +0.738   +0.738   +0.738   +0.738   +0.738   +0.738   +0.738   +0.738   +0.738   +0.738   +0.738   +0.738   +0.738   +0.738   +0.738   +0.738   +0.738
  +0.738   +0.738   +0.738   +0.738   +0.738   +0.738   +0.738   +0.738   +3.205   +0.738   +0.738   +0.738   +0.738   +0.738   +0.738   +0.738   +0.738   +0.738   +0.738   +0.738   +0.738   +0.738   +0.738   +0.738
  +0.738   +0.738   +0.738   +0.738   +0.738   +0.738   +5.353   -1.132   +0.738   +0.738   +0.738   +0.738   +0.738   +0.738   +0.738   +0.738   +0.738   +0.738   +0.738   +0.738   +0.738   +0.738   +0.738   +0.738
  +0.738   +0.738   +0.738   +0.738   +0.738   +6.024   +0.166   +0.436   +0.057   +5.353   +0.738   +0.738   +0.738   +0.738   +0.738   +0.738   +0.738   +0.738   +0.738   +0.738   +0.738   +0.738   +0.738   +0.738
  +0.738   +0.738   +0.738   +0.738   +0.738   +0.121   +0.414   +0.305   +0.498   +0.545   +0.738   +0.738   +0.738   +0.738   +0.738   +0.738   +0.738   +0.738   +0.738   +0.738   +0.738   +0.738   +0.738   +0.738
